000000010000000001000000000001000000100000000100010000000000010000000000000000010010110000000100000000000000000000000000000000000000000000000000
000000100000000000001010000000000001000000010000000000000000101100010101000010000000000000000000000000000000000000000000000000000000000000000000
010000000000000000000000000000000011000000100000011000000010001000010000000100000010100000000000000000000000000000000000000000000000000000000000
000000000000100101000000000100000000000010000000100000010000100000000000000000000100101000100000000000000000000000000000000000000000000000000000
000001100001000000000000000000000100000000000100000010000000000000001000000000001101000110000000000000000000000000000000000000000000000000000000
000000000000000000000110000000000001100000000010000000000010000100001000100010101000000000000000000000000000000000000000000000000000000000000000
000000000100010000010000001000001000000000000000100000000000100000101100000000000000101000000000000000000000000000000000000000000000000000000000
000000011000011000000000000000110000000000000001001000000000000000000010000000100101000000000000000000000000000000000000000000000000000000000000
000001100000000000000000001000000000001001000001000000001000101110100000000000000000000000000000000000000000000000000000000000000000000000000000
000000000000000000000010000000000000000000011011000001000000000001000010010100000000010000100000000000000000000000000000000000000000000000000000
000000000000001000000001000000000000001000000000000010100000000000010100111100010000000000000000000000000000000000000000000000000000000000000000
000000001001100100000000100000001000000000000000001000000000000100000000010001100000010000000000000000000000000000000000000000000000000000000000
010000000000001000000010001000000001000010000000010000000100000001000000000000000010000001010000000000000000000000000000000000000000000000000000
001000000000000000000100000000000001010000000000000000000000000000010100000001000000001000010101000010000000000000000000000000000000000000000000
000100000000000001000010000010000001000000000010000000010000001000000000100000001000000010000000010000000000000000000000000000000000000000000000
010011000000000000000000100001000000000000001000010000010000000010000000000001010000000010000000000000000000000000000000000000000000000000000000
000000000000000000000010000000000010000010000000000000001000100000000000101000000000001000100000101000001000000000000000000000000000000000000000
000100000000000000000001100010010010000000000000000000010000000000000000000000010110000000000100000010000000000000000000000000000000000000000000
000010001000000000000000010000000001001010000001100000000000001001000000000001010000000000000000000000000000000000000000000000000000000000000000
000000001001000000000000000010000000010010000000000000000001000110000000000000000010000000001100000000010000000000000000000000000000000000000000
000010000000010000000000000000100000000000000000001010000100100000001000001110010000000000000000000000000000000000000000000000000000000000000000
000000100000000000000001000000000000000000000000001000010000001000001001000000010000000000000111100000000000000000000000000000000000000000000000
000000000000000000000001001000000000000000010000000000001000000000100001000000000000000110101100001000000000000000000000000000000000000000000000
000000000000000000000000000000000000000000000010001000001000000100000000000111001000100100000100100000000000000000000000000000000000000000000000
010000000000000000001001000000010001100000000000000000000000001000011000000110000010000000000000000000000000000000000000000000000000000000000000
000000000000000000000010000000000000000000000000100100000010000001000000000001011000000000001000100000000000110000000000000000000000000000000000
000100010100000000001100000000000000010000000000000000000000001010010000001000000000110000000000000000000000000000000000000000000000000000000000
010000000000100000000010000000000000000000000000000010000000000010000000000011100100000001000000000001001000000000000000000000000000000000000000
000000000010000000100000000000001100010000001001000000010001000000000000001000001000000100000000000000000000000000000000000000000000000000000000
000010000000000100000000000000010000001000000000001100000010000000010100000000100100000000000100000000000000000000000000000000000000000000000000
000000000000001000001000000000000101100000000000000101000110010000000000000000000010000010000000000000000000000000000000000000000000000000000000
000000000000000110000001001000000000000000000000000000000000000000000100000010000000000000000001000001100000100000110000000000000000000000000000
000000001010000000000000000000000000100000000000000000110000000011000000000110000100000000001000100000000000000000000000000000000000000000000000
000000000000000001000000000000101000000011001000001110001001000000010000000000000000000000000000000000000000000000000000000000000000000000000000
000000000000000010001000010000000001000001000001000000001000000000000000000010100101100000000000000000000000000000000000000000000000000000000000
000000000000000000000001001000000000000000000001010001000000000000000000010010000000101100000110000000000000000000000000000000000000000000000000
000010000100000000000000000000000000000001010001000010000000110100100000100001000000000000000000000000000000000000000000000000000000000000000000
000000000000000000000000000000000010000010000010001110000100100000110000110000000000000000000000000000000000000000000000000000000000000000000000
000000010110100000010000000001000000000100000001010000001101000000000000000000000000000000000000000000000000000000000000000000000000000000000000
001010010100110100100000001000100000000000000000000000101000000000000000000000000000000000000000000000000000000000000000000000000000000000000000
000000000000001000000000000000000000000000000110000000000000000001001000000000100010001100000110001000000000000000000000000000000000000000000000
000000110000000000101001000000000000000000000000000000001000000000000100000000010001000000100100100000000000000000000000000000000000000000000000
000000000000000000000000001000000011000001000000010100000000000000000000000010100101000100000100000000000000000000000000000000000000000000000000
100101000100011000000100000000000010000000010000000000000000110001000000000000000000000000000000000000000000000000000000000000000000000000000000
000000000000000001000000000010000000000000010000000000001000000100000000010010000000100000011110000000000000000000000000000000000000000000000000
100000000010000001010000000000000001000001000000000010010011010001000000000000000000000000000000000000000000000000000000000000000000000000000000
000000000000000000000000000000000000000110000100000000110000011000110010011000000000000000000000000000000000000000000000000000000000000000000000
000000000000000010000001000001000100010001000000000000100000000000001000010001000000000000110000000000000000000000000000000000000000000000000000
000000000000000000000000010001000000000000100000000000000100000001010000000000000000101010001010000100000000000000000000000000000000000000000000
000000100100000000000000000000000000000000000100000001100101011000001000000000000000000110000000000000000000000000000000000000000000000000000000
000100000000000000000001100000100000000001000000000000101100000010001000000000010100000000000000000000000000000000000000000000000000000000000000
000000000010000100000000000101010101000000000000000010001010000000000100100000000000000000000000000000000000000000000000000000000000000000000000
000000000000000000001000010000000010000000010000000000000100000100000000000000000101010000000000000001010100000000000000000000000000000000000000
000000000010000000000001100100000000000000000000001000100010100000000000000000000000000000000000000000001011001000000000000000000000000000000000
010000000001000000000000000000000000001000000000000000011000000000000000100000000110000010000101001000000000000000000000000000000000000000000000
001001000000001000000000000000000010001000110000000100000000010000000000101100000000000000000000000000000000000000000000000000000000000000000000
100000001000000001000000000000000000001000000000000000000010000000000000100000000010000000000001000001100010100000000000000000000000000000000000
000101000010000100000000000000100000000000000000110010000001000000000001100001000000000000000000000000000000000000000000000000000000000000000000
000000000000000000100000000100000000000000100000100100000000000000110000000000100000000000000100000000000000001010010000000000000000000000000000
000001001010000000000010000101001000000000110011000010000000000000000000000000000000000000000000000000000000000000000000000000000000000000000000
001100000100000000100000100000000000000000100001000001010001000000110000000000000000000000000000000000000000000000000000000000000000000000000000
000100000000000000000100010000000000000010000000100000000010000100001100000100100000010000000000000000000000000000000000000000000000000000000000
010000000000000010000000000000000000011110001010000010101000000001000000000000000000000000000000000000000000000000000000000000000000000000000000
100000000000100000001000100100000000000000000100000000000000000100000000000000000000000010100010000101000000000000000000000000000000000000000000
001000000000010000000001000000000000010001000000000000000000000000010001100000001000000001000100100000000000000000000000000000000000000000000000
000000100000000000000100000000000000100000000010000001000000001000000000000000110000010000000000100001100000000000000000000000000000000000000000
000100000100000000100000000000000100000000000000010010000000000000001000000010000100010000100000100000000000000000000000000000000000000000000000
000100000000000000000010000000001010001010001010000000010100010000000001000000000000000000000000000000000000000000000000000000000000000000000000
000000000000000000010100000000000010111000100000000000000000000010000000100000100010000000010000000000000000000000000000000000000000000000000000
000010000000000000100000000000001000000000100100010000000000000000001000000000000000011010000000001010000000000000000000000000000000000000000000
000011000000100000010000000001000000001000000000001000000000001000100011000000000010000000000000000000000000000000000000000000000000000000000000
000000000000000000000000010000000000000000000000010100001100010000000000000000000000000001000000000110110001000000000000000000000000000000000000
000010000001000000000000000000000101000000001000000001010000001000000001110010000000000000000000000000000000000000000000000000000000000000000000
010000100000000000000000000000000000000000100000010000000001010000000000000000010010000001000000000010000100100000000000000000000000000000000000
000000000000000000000000000001000000010000000000000000000000000000100000000010001001010001000011010100000000000000000000000000000000000000000000
000000010000000000000000000000100000000000001000000000000010000000100010111000000000001000000000001000100000000000000000000000000000000000000000
000000000000000000000000000000010000000000000100000000001000100001100000100010000110000010001000000000000000000000000000000000000000000000000000
001000000000000110000000100000001000110000000000100000000000000011011000000000000000000000000000000000000000000000000000000000000000000000000000
000000000001000010000000000010000100010000100000000000010000010010100000000000100100000000000000000000000000000000000000000000000000000000000000
000100000000000001100100010000000000000000000000000000010000001000110010000011000000000000000000000000000000000000000000000000000000000000000000
000000000000000000000000001000000000000000010010000010001000000101000000000100001000000100010000000010000000000000000000000000000000000000000000
100000000101000010001000000000000000000000000000110001010000000000000010000000000010010000000000000000000000000000000000000000000000000000000000
000000001000000100000100000000000000010000000001100000100100000000100000000000010000001100000000000000000000000000000000000000000000000000000000
001000000001000100000000000000001000100100000000000000000000000001001010000000001000000001001000000000000000000000000000000000000000000000000000
010000000001001000000000001000000000000000000000000000000010001000010000001101100000100000000000000000000000000000000000000000000000000000000000
100000000000000000000000000000001000001000100000100001000010000000101001000000000000000000000000001100000000000000000000000000000000000000000000
000000001000010000000000000001100000000000000000100000000000000000000000000000000100000100101000000110100000000000000000000000000000000000000000
000000000000000000000000001000000001010000001010100100000001010001000010000000000010000000000000000000000000000000000000000000000000000000000000
000100000000000100000000000000000000000010010000000000000010000000000000000000000011000001010110001000000000000000000000000000000000000000000000
000000000000000000000000000000001000000000100000000001010111100100001100000010000000000000000000000000000000000000000000000000000000000000000000
100000100000000000010100000000000000000000100000000000000000000000000001000000100010001010010000001000000000000000000000000000000000000000000000
001000000000000001100000000100000000000000000100000001100000000000100000000000100100010000000000100000000000000000000000000000000000000000000000
000001000000000100000000000001000000100000000000100000000010001100000000100110000000100000000000000000000000000000000000000000000000000000000000
000000000000000100100000000000000100000100000001001000000010000100000100010011000000000000000000000000000000000000000000000000000000000000000000
000010100100000000000000000010100100100100100000100000000000000010010000000000000000000000000000000000000000000000000000000000000000000000000000
000000100000000000000000010000000000000000000000001000001000101000001000110000000100000000011000000000000000000000000000000000000000000000000000
000001000000000000000000000001001010000010000000000000110000000000000001000000000010000010101000000000000000000000000000000000000000000000000000
000100000000001000001001000000000000000000000001011100000010000000000010100100000000000000000000000000000000000000000000000000000000000000000000
000000100001000000100000000010000000010000000000000000000000010000110000000000000000000010011100000000000000000000000000000000000000000000000000
000000001000000001000000000100001010000000000100110000000000000000000010000010011000000000000000000000000000000000000000000000000000000000000000