000000000000010000000001000000001010000000000000100001000000000011100001000110000000000000000000000000000000000000000000000000000000000000000000
000000000000000000010000100010001100000000000000001000000000010110010000000000001000000100000000000000000000000000000000000000000000000000000000
000000000000000000001000000000000000000001000010001000010000000000000010000000010010000000011100001000000000000000000000000000000000000000000000
000000000100000000000000000000000000000000000001000001000010010000100001000000000000000100100101000001000000000000000000000000000000000000000000
000100000100000000000010000001000010000000000000000000010000000000001000100010110000000100000000000000000000000000000000000000000000000000000000
000100000000000000100100000000000000000001000100000000001000100100100001000001000000000000000010000000000000000000000000000000000000000000000000
100000100000000000000100000100000000100100100100000000000000110000100100000000000000000000000000000000000000000000000000000000000000000000000000
000100001000000000010000000000010000000010100100000100000000100000000000000000000001001100000000000000000000000000000000000000000000000000000000
000000001100000000000000001000100000000000000001000000000101001100000000000000000000000000010010000001000000000000000000000000000000000000000000
000010010000101000000000000000000000000000001000000000000010000000000000001000000000100000000111001000000000000000000000000000000000000000000000
100010010000000000000000000000000001000010000000000110010000000000000100000000000000000000100000000000100010000000000000000000000000000000000000
000000000010001000000000000000000100000000011110000000000000100000000100010000000001000000100000000000000000000000000000000000000000000000000000
100000000000000000001000000100000000000100000100001101000100000100000000010100000000000000000000000000000000000000000000000000000000000000000000
000010000000000010101010000000000000000000001000000000000000000010000000000000000000000101001001100000000000000000000000000000000000000000000000
000000100000000001000000010011000000000100000000000000010000000000000000000001100100000000011000000000000000000000000000000000000000000000000000
001000000000001000000000000100000100000010000000000000000010000000010000010000000000000001001011000000000000000000000000000000000000000000000000
000000001000010000000000000000000010000100000010010100100000000000000100100000000000110000000000000000000000000000000000000000000000000000000000
000000000000010100000000000000010100000000000000000011000000100000100000010000001100000100000000000000000000000000000000000000000000000000000000
000000000000000001000000000000000000000000000100000000100000001000000000111000100010000011010000000000000000000000000000000000000000000000000000
000010000000000000000000000010000010000000000100000000000000000000000000001000000000000001100010100100000010010000000000000000000000000000000000
000000000000000000000000000010100001000000000000011000100000010100000000000000010000000000000000001100001000000000000000000000000000000000000000
000000000000000000000000001000010000000000010100110000100010100000000010000110000000000000000000000000000000000000000000000000000000000000000000
100010100000110000000001000010000000110000010010000000000000000000000100000000000000000000000000000000000000000000000000000000000000000000000000
000000110000000000000000000000000010000000000000000011000010010010010000000111000000000000000000000000000000000000000000000000000000000000000000
000000000000000000100000000000000100010000000000001100000000001000100100000000000000000001010000100010000000000000000000000000000000000000000000
000000000000000000001010100000000000000000010000100000000001000000000011000000001100000000110000000000000000000000000000000000000000000000000000
100000000000000000000000000000000000000100000000000101100100100000000000000000000000010001011000001000000000000000000000000000000000000000000000
010000000000001000000000000100100000011000100101000000001000000000000101000000000000000000000000000000000000000000000000000000000000000000000000
000000000000001000000010100000000000000000000000000000010000000001001000000000100001000000011100100000000000000000000000000000000000000000000000
000000000000000000010000000000000010000000000100001000100000000000000000000000000110000100000100001011000000000000000000000000000000000000000000
000011000110000000001100000010000000000000000000000010000100010001100000000000000000000000000000000000000000000000000000000000000000000000000000
000000000000000000001000010010001110100000000000100000000000000100000010000100000000000100000000000000000000000000000000000000000000000000000000
000000000000000000000000000010000001000010000010000000000000000100000000001011001000101100000000000000000000000000000000000000000000000000000000
100001000000000000000000000110000000000000100000000000000000000001000000100001001000000000000101010000000000000000000000000000000000000000000000
000000000000100000000000001000100000010000000000000000000001000010010000100000000000000100000111000000000000000000000000000000000000000000000000
000000000000000000000000000000000000100000001000000001000001000000010001000001001000101000000010001000000000000000000000000000000000000000000000
010000000100000000000000000000100000000000000000000000000010000110000000001000010011000000001000000000100000000000000000000000000000000000000000
000001000000100000000000000000000100000000000000000100000000000010001001000000000100011010010000000000000000000000000000000000000000000000000000
000000010000100000000110000000000000000000000001000000101000010010001100000000010000000000000000000000000000000000000000000000000000000000000000
000000000000000001000000100000100000001000100000100000000000000000000000011001000110010000000000000000000000000000000000000000000000000000000000
000000000000100001000000000010000010000000001000000000000001000000011010000000000001011000000000000000000000000000000000000000000000000000000000
000000000010001000000000000000000000000000000000100000000100000000011000000000001000000010000100100010010000000000000000000000000000000000000000
000000000101000000000000000000000001011000000000010000000000000000101000010010010001000000000000000000000000000000000000000000000000000000000000
000000000000000000000000000010000000000000000000000001000000011000000000100000100000100000000010100010101000000000000000000000000000000000000000
000000000000000000001001000000000000000001010100000000000000000000101000000000000010000100000000000000100110000000000000000000000000000000000000
000011000000000000000000000010000000000000100000000000100000000000001000000000000001000001110000000000110000000000000000000000000000000000000000
000000010000000000000000000000000000001000100100000001000000000110000100010000010000010001000000000000000000000000000000000000000000000000000000
000000000000001000000000000100100000000000000110000100000010010000000000000011010000010000000000000000000000000000000000000000000000000000000000
100010000000010000000000000000010000001000001000000000000000000000100000000000010011000000000010000000000100000000000000000000000000000000000000
000000000000000000000000100000000000001000110000000000000000011010010000000000101000000000000100000000001000000000000000000000000000000000000000
000000100000000000010000000000000000000100000001000000000000000000000100000000010000000010000110010000000000010001000000000000000000000000000000
000000000000000000010000001000000100001011000011101000011000000000000000000000000000000000000000000000000000000000000000000000000000000000000000
001000000000010001000000000010000000000000000000000001010000000001000010000000000000000000000000010011010000000000000000000000000000000000000000
001000000010000000100000100000010010010000000000010100110010000000000000000000000000000000000000000000000000000000000000000000000000000000000000
100010000000000100000000000000000000000000011000000001000000000000010000000000000101000001010010000000000000000000000000000000000000000000000000
000110000001000000010000101000000000010000010000001001000100001000000000000000000000000000000000000000000000000000000000000000000000000000000000
000001000100000100011100011000000000010000000000101100000000000000000000000000000000000000000000000000000000000000000000000000000000000000000000
000010000000000010010000000001000000001000000000000000011000000100010001100010000000000000000000000000000000000000000000000000000000000000000000
000000000000000000000000100000000010000101000000000000000001000000000011000100000101000000000100100000000000000000000000000000000000000000000000
000000000001000000000000000000000000001001000000000000000001100000000000000000000010001010000100000000010110000000000000000000000000000000000000
000000001000110001000000001000000000000000001101000100000010000000001010000000000000000000000000000000000000000000000000000000000000000000000000
000000000000000000000000100101010000000001001000011000100100010000001000000000000000000000000000000000000000000000000000000000000000000000000000
010100000000000100000000000100000010000000000000010011000000000000000010000001100000000000000001000000000000000000000000000000000000000000000000
010000000000000000000000010000000000010000000000011000000000000000000110001000000000000000000001000000000010000000100100000000000000000000000000
010000000000110000000000000000000010000000010100100000000011000001000000000001100000000000000000000000000000000000000000000000000000000000000000
000000001100000000000000000000000000000000010110000000010000000100010000001110000001000000000000000000000000000000000000000000000000000000000000
000000000010010000000010100001000000000001000000010000000010000000010100000010000100000000000000000000000000000000000000000000000000000000000000
000000000000010000000000110000100100100000010000001000100000100010000000000001000000000000000000000000000000000000000000000000000000000000000000
001000000000110000100110000001000000000010000000000000000000000010000000000010010100000000000000000000000000000000000000000000000000000000000000
010000000000010100010001000011100010000000010000010000000001000000000000000000000000000000000000000000000000000000000000000000000000000000000000
100000000000000000000000000000000000000000001000001000010000000000000100000000000100000000000001000010000000100000001110000000000000000000000000
000000000000010000000000000000000000000000010000000000001001000001000000000000010010001000100100000101000000000000000000000000000000000000000000
000000000000000100001000000000100110000000000000000010000000000000000000000001001101000000101000000000000000000000000000000000000000000000000000
100100110000000000001101000100000000100001000100000000000000010000000000000000000000000000000000000000000000000000000000000000000000000000000000
000000000000000000000000000000010000100001000000000000000010000000000100000000000110001000000000100011000000100000000000000000000000000000000000
000101000000000000001000001100000000000100000100001000000000100000010000000000000000000000011000000000000000000000000000000000000000000000000000
000001000000000000000000000000010001000000000100000100010000101110100001000000000000000000000000000000000000000000000000000000000000000000000000
000000000000010000000000000000000000000000000000000110000000000010011010000000000010010000001001000100000000000000000000000000000000000000000000
000000000000000000000000000101000000000000000100000000100000000000000000001000000000000010111000010000000100000010000000000000000000000000000000
100000010000100010010000000000000000000000000000000000000100010000001100000000001110000000000000000000000000000000000000000000000000000000000000
000000000000000000000000000000000000000000000000000000000000000000000000110000000000000000000100010000010100001001110000101000000000000000000000
000000000000000000000000010000000000000100001000000000000110110000000011000000001010000000000001000000000000000000000000000000000000000000000000
100000000000001000000001000000000000010000000010010000100000000000010000000000000000000101000000110000000000000000000000000000000000000000000000
000010010000000000000000000000001000000000001001000000000000000100000000010100000000010000000110000010000000000000000000000000000000000000000000
100000100001000110100000000000000100000001000000100000000000000001001000001000000000000000000000000000000000000000000000000000000000000000000000
000101100000000000000010100001000010010000000000000000000000000000100000100000001010000000000000000000000000000000000000000000000000000000000000
000000000000100000000000001100000000010000000000000000100000000000000000001000000000000010000010001001000101000000000000000000000000000000000000
000000000001000000000000010000100010010000000000001000000000000100001000000010000001001000000000010000000000000000000000000000000000000000000000
000100000000010000000000101000000010100000000000000000000000010001000000000001010100000010000000000000000000000000000000000000000000000000000000
000000100000000000001000010000000000000000000010100000000000000000011000000000100000110001000010000000000000000000000000000000000000000000000000
000000000001000000011000000000000001000001000100110000000100000000000000010000001010000000000000000000000000000000000000000000000000000000000000
000100000010000000000100000000000000010000000000000000000000000000011000000001000001000000001101000000100000000000000000000000000000000000000000
000000000000001100000001000000000001011000101000000000000000000000000000000000000001000000000000010001000010000000000000000000000000000000000000
000000001000010010000000010000000001000001000000000000000000110100010000000100000000000000100000000000000000000000000000000000000000000000000000
000000000000100001000100000000000000100100000000000000000000001000010000001000001100000010100000000000000000000000000000000000000000000000000000
000000100100100010100100001000000000000000001000000000010000010000000000110000000000000000000000000000000000000000000000000000000000000000000000
000000000000010000000000000000000000000000010000000100100000101000000000000100110011001000000000000000000000000000000000000000000000000000000000
000000100000010000000000001000000001000000000001100000000000000010000000010000000000000000000001010010010000000000000000000000000000000000000000
100001000010100010000000101000000001001001000000000000010000000000000000000000000001000000000000000000000000000000000000000000000000000000000000
000000000000000000000000000000000000000000000000000000000000000000000010100010000000001000000100001100000101000101100000000000000000000000000000